-2.8512602100658984
-2.6244154921804395
-2.644779165898495
-2.7293575185618955
-2.933944009955278
-3.0018600731755147
-2.702900285090096
-2.5801328877042247
-2.464167782363819
-2.236760644726988
-2.0629289304127547
-1.9446834530593156
-2.354102663483378
-2.134855999292998
-1.9754836013126873
-1.8252566547365916
-1.6277690344624667
-1.7727983260365052
-1.6084575063382798
-1.378697526084361
-1.1535601085725709
-0.9959141452276894
-0.8157890927988102
-0.6537542574107905
-0.46145951691993303
-0.325309726451167
-0.12050422740865024
0.253222881533006
0.5197425729690032
0.6100735922561735
0.9005011318311095
1.1395094045209906
1.4668279194944707
1.726568596981367
1.792473125868244
1.8477904105777618
2.0969470279050224
2.217647690908211
2.2913530934591733
2.3901972342201447
2.530471204460424
2.7735495980711624
2.8248812369360055
2.979568108461178
3.037533877595901
3.2337475630717116
3.3127494986419967
3.435594474072737
3.4763182455363655
3.5631640572022487
3.5838982077741
3.779048253165044
3.88735282523976
3.9727892240793943
4.154004464501336
4.200493954553691
4.244386891583172
4.281259837162607
4.334726019300415
4.352863950604784
4.3932834170563035
4.422328851043294
4.474648781743448
4.517046563802389
4.526612766318405
4.548800807374138
4.555516831768108
4.597382399789968
4.609528912147846
4.641524506085403
4.655079751812433
4.675055648123026
4.698367267919448
4.7002781678598025
4.707539240302949
4.728573506962831
4.7456785185774555
4.772066898799133
4.784432159048251
4.7901980868450185
4.801320204586781
4.812317749146331
4.822897905583486
4.825749379821141
4.837724645930654
4.840272359354615
4.8417290772981785
4.855595102207914
4.857117339568904
4.858184199934014
4.859708354642539
4.8665978795030185
4.867151153087586
4.869032815930979
4.873746108910743
4.876033301194988
4.876855611148826
4.88123089703036
4.883683091832412
4.885044737439655
4.8857577936386365
4.886842232748044
4.887178569206012
4.887765391689662
4.8880574307898765
4.888319104808591
4.889528275960538
4.889763824517535
4.890572447056308
4.890732068097348
4.890733488273382
4.891293043089093
4.893486703799772
4.89395818861025
4.895971560947277
4.896609197287284
4.897244580507431
4.897562211271071
4.899317442707035
4.899376125661598
4.89942662234608
4.899902999355055
4.899914345741899
4.8999957397048055
4.9001199443548265
4.900256652475172
4.900453008992984
4.90047473593435
4.900765395882095
4.900830553125453
4.900835612909522
4.900880668628519
4.900884088789904
4.901694217338414
4.901698233127331
4.901699553941696
4.901725122004872
4.901765970480506
4.902149036666438
4.902157114539276
4.902163848028195
4.903163092783287
4.903170120538737
4.903187027933145
4.903620352069964
4.903729382478284
4.903730301539231
4.90393623919217
4.90394026593243
4.904573208665406
4.9045765183467545
4.904579349056283
4.904582198053405
4.904583636834473
4.904593442459014
4.904662433914199
4.90467732406911
4.905033753969573
4.905035747730063
4.905208553274945
4.905210397040887
4.905212513212195
4.905220392939481
4.905228316864661
4.9052283387867615
4.905286780203588
4.905287319467684
4.905288938451357
4.905288997274285
4.905297663033753
4.905334000066304
4.905344015007357
4.905351548430849
4.905351559832602
4.905389883797446
4.9053899103016825
4.905390263157412
4.905392602394854
4.905408681661181
4.905409615811619
4.905409959737555
4.90542897171466
4.905428972043692
4.905429173179452
4.905429442916556
4.905459284648768
4.905471139716866
4.905471610968189
4.905472193875236
4.905476571815021
4.905478345341855
4.905481808955456
4.905481821960835
4.905481965273235
4.905481970887333
4.905482292649818
4.90548269676
4.905482770064942
4.905482772145796
4.905482904526256
4.905482916448474
4.905482968214646
4.90548296979794
4.905494794285661
4.905494794545105
4.905494838459831
4.905494857727311
4.9054948750165925
4.905498517814888
4.9054985315283375
4.905498543249748
4.905499661366775
4.905501655424676
4.905501660461512
4.9055031159707045
4.905504095383027
4.905504101960839
4.905504102511387
4.905508097876129
4.905508112431831
4.905508113196889
4.90550811627079
4.905508149922367
4.90550816332989
4.905508171816785
4.905508174638182
4.9055081747230185
4.905508175628815
4.9055082183306125
4.905508710874013
4.905508717103914
4.905508719251825
4.905509082781795
4.905509478872114
4.905510210653147
4.905515086361544
4.905516124723416
4.905516125632131
4.905517248024234
4.9055172486293355
4.905517249893521
4.905517249919892
4.905519122874119
4.905519769922816
4.905520346400998
4.905520372520699
4.905520373464037
4.9055203767433895
4.90552037681197
4.905520377161045
4.905520617734139
4.905520617744399
4.905520649284041
4.905520649566663
4.90552064958685
4.9055206503772455
4.90552071912564
4.90552071982068
4.905520930944297
4.905520930944303
4.905521520441885
4.905521520540536
4.905521521024683
4.905521768637735
4.905521768955252
4.905521768955666
4.905523191852257
4.905523191944773
4.905523208370621
4.9055232085131
4.905523208756688
4.905523229483033
4.905523241917769
4.905523560129596
4.905523562298908
4.905523562467292
4.905523566848418
4.905523730635154
4.90552373073334
4.905523730743576
4.905523730765168
4.905523730765272
4.905523730765676
4.905523912659698
4.905523974100768
4.9055239909298445
4.905523990929848
4.90552399511983
4.905523998928216
4.905523998951195
4.905524001838045
4.9055240018542365
4.905524002869414
4.905524002869522
4.9055240029108695
4.90552400292195
4.905524002928551
4.905524002931395
4.90552400294012
4.90552400294271
4.9055240040948185
4.905524004095927
4.905524004099181
4.905524004099875
4.905524013696895
4.905524018682973
4.905524018683582
4.905524019359867
4.90552401936068
4.905524019360683
4.905524019362088
4.90552402022254
4.905524020858509
4.905524020868405
4.905524021038057
4.905524021040086
4.905524021382514
4.905524021472037
4.9055240214720435
4.905524021472058
4.905524021472068
4.905524021472068
4.905524021472147
4.905524021472215
4.905524021472257
4.905524022200008
4.905524022200027
4.905524022200041
4.9055240222000425
4.905524022200049
4.9055240225106465
4.9055240225106616
4.9055240225106775
4.905524022510715
4.905524022510729
4.905524022680791
4.90552402269217
4.905524022692172
4.905524023335048
4.905524023348549
4.905524023348551
4.905524023484959
4.905524023484962
4.905524023484963
4.905524023484972
4.905524023484972
4.905524023492177
4.9055240234921795
4.9055240234921875
4.9055240234921875
4.905524023492188
4.905524023496025
4.905524023496026
4.905524023496027
4.905524023496027
4.905524023496027
4.905524023506173
4.905524023528034
4.90552402354146
4.905524023544487
4.905524023544489
4.905524023544489
4.9055240235449045
4.9055240235449045
4.905524023545618
4.905524023545899
4.905524023546395
4.905524023546395
4.905524023546395
4.905524023546395
4.905524023548849
4.905524023549321
4.905524023550082
4.905524023551002
4.905524023551002
4.905524023551002
4.905524023551316
4.905524023551316
4.905524023551316
4.9055240235516795
4.9055240235516795
4.90552402355173
4.90552402355173
4.90552402355173
4.90552402355187
4.90552402355187
4.905524023552066
4.905524023552066
4.905524023552066
4.905524023552066
4.905524023552066
4.9055240235520685
4.905524023552071
4.905524023552072
4.905524023552072
4.905524023552102
4.905524023552102
4.905524023552103
4.905524023552103
4.905524023552103
4.905524023552103
4.905524023552103
4.905524023552137
4.905524023552137
4.905524023552137
4.905524023552137
4.905524023552139
4.90552402355214
4.90552402355214
4.90552402355214
4.905524023552143
4.905524023552173
4.905524023552188
4.905524023552188
4.905524023552188
4.905524023552198
4.905524023552198
4.905524023552198
4.905524023552198
4.905524023552198
4.905524023552198
4.905524023552205
4.905524023552205
4.905524023552205
4.905524023552205
4.905524023552205
4.905524023552205
4.905524023552206
4.905524023552206
4.905524023552206
4.905524023552206
4.905524023552209
4.90552402355221
4.90552402355221
4.905524023552211
4.905524023552211
4.905524023552211
4.905524023552211
4.905524023552211
4.905524023552211
4.905524023552211
4.905524023552211
4.9055240235522115
4.9055240235522115
4.9055240235522115
4.9055240235522115
4.905524023552213
4.905524023552213
4.905524023552213
4.905524023552213
4.905524023552213
4.905524023552213
4.905524023552213
4.905524023552213
4.905524023552213
4.905524023552213
4.905524023552213
4.905524023552213
4.905524023552213
4.905524023552213
4.905524023552214
4.905524023552214
4.905524023552214
4.905524023552214
4.905524023552214
4.905524023552214
4.905524023552214
4.905524023552214
4.905524023552214
4.905524023552214
4.905524023552214
4.905524023552214
4.905524023552214
4.905524023552214
4.905524023552214
4.905524023552214
4.905524023552214
4.905524023552214
4.905524023552214
4.905524023552214
4.905524023552214
4.905524023552214
4.905524023552214
4.905524023552214
4.905524023552214
4.905524023552214
4.905524023552214
4.905524023552214
4.905524023552214
4.905524023552214
4.905524023552214
4.905524023552214
4.905524023552214
4.905524023552214
4.905524023552214
4.905524023552214
4.905524023552214
4.905524023552214
4.905524023552214
4.905524023552214
4.905524023552214
4.905524023552214
4.905524023552214
4.905524023552214
4.905524023552214
4.905524023552214
4.905524023552214
4.905524023552214
4.905524023552214
4.905524023552214
4.905524023552214
4.905524023552214
4.905524023552214
4.905524023552214
4.905524023552214
4.905524023552214
4.905524023552214
4.905524023552214
4.905524023552214
4.905524023552214
4.905524023552214
4.905524023552214
4.905524023552214
4.905524023552214
4.905524023552214
4.905524023552214
4.905524023552214
4.905524023552214
4.905524023552214
4.905524023552214
4.905524023552214
4.905524023552214
4.905524023552214
4.905524023552214
4.905524023552214
4.905524023552214
4.905524023552214
4.905524023552214
4.905524023552214
4.905524023552214
4.905524023552214
4.905524023552214
4.905524023552214
4.905524023552214
4.905524023552214
4.905524023552214
4.905524023552214
4.905524023552214
4.905524023552214
4.905524023552214
4.905524023552214
4.905524023552214
4.905524023552214
4.905524023552214
4.905524023552214
4.905524023552214
4.905524023552214
4.905524023552214
4.905524023552214
4.905524023552214
4.905524023552214
4.905524023552214
4.905524023552214
4.905524023552214
4.905524023552214
4.905524023552214
4.905524023552214
4.905524023552214
4.905524023552214
4.905524023552214
4.905524023552214
4.905524023552214
4.905524023552214
4.905524023552214
4.905524023552214
4.905524023552214
4.905524023552214
4.905524023552214
4.905524023552214
4.905524023552214
4.905524023552214
4.905524023552214
4.905524023552214
4.905524023552214
4.905524023552214
4.905524023552214
4.905524023552214
4.905524023552214
4.905524023552214
4.905524023552214
4.905524023552214
4.905524023552214
4.905524023552214
4.905524023552214
4.905524023552214
4.905524023552214
4.905524023552214
4.905524023552214
4.905524023552214
4.905524023552214
4.905524023552214
4.905524023552214
4.905524023552214
4.905524023552214
4.905524023552214
4.905524023552214
4.905524023552214
4.905524023552214
4.905524023552214
4.905524023552214
4.905524023552214
4.905524023552214
4.905524023552214
4.905524023552214
4.905524023552214
4.905524023552214
4.905524023552214
4.905524023552214
4.905524023552214
4.905524023552214
4.905524023552214
4.905524023552214
4.905524023552214
4.905524023552214
4.905524023552214
4.905524023552214
4.905524023552214
4.905524023552214
4.905524023552214
4.905524023552214
4.905524023552214
4.905524023552214
4.905524023552214
4.905524023552214
4.905524023552214
4.905524023552214
4.905524023552214
4.905524023552214
4.905524023552214
4.905524023552214
4.905524023552214
4.905524023552214
4.905524023552214
4.905524023552214
4.905524023552214
4.905524023552214
4.905524023552214
4.905524023552214
4.905524023552214
4.905524023552214
4.905524023552214
4.905524023552214
4.905524023552214
4.905524023552214
4.905524023552214
4.905524023552214
4.905524023552214
4.905524023552214
4.905524023552214
4.905524023552214
4.905524023552214
4.905524023552214
4.905524023552214
4.905524023552214
4.905524023552214
4.905524023552214
4.905524023552214
4.905524023552214
4.905524023552214
4.905524023552214
4.905524023552214
4.905524023552214
4.905524023552214
4.905524023552214
4.905524023552214
4.905524023552214
4.905524023552214
4.905524023552214
4.905524023552214
4.905524023552214
4.905524023552214
4.905524023552214
4.905524023552214
4.905524023552214
4.905524023552214
4.905524023552214
4.905524023552214
4.905524023552214
4.905524023552214
4.905524023552214
4.905524023552214
4.905524023552214
4.905524023552214
4.905524023552214
4.905524023552214
4.905524023552214
4.905524023552214
4.905524023552214
4.905524023552214
4.905524023552214
4.905524023552214
4.905524023552214
4.905524023552214
4.905524023552214
4.905524023552214
4.905524023552214
4.905524023552214
4.905524023552214
4.905524023552214
4.905524023552214
4.905524023552214
4.905524023552214
4.905524023552214
4.905524023552214
4.905524023552214
4.905524023552214
4.905524023552214
4.905524023552214
4.905524023552214
4.905524023552214
4.905524023552214
4.905524023552214
4.905524023552214
4.905524023552214
4.905524023552214
4.905524023552214
4.905524023552214
4.905524023552214
4.905524023552214
4.905524023552214
4.905524023552214
4.905524023552214
4.905524023552214
4.905524023552214
4.905524023552214
4.905524023552214
4.905524023552214
4.905524023552214
4.905524023552214
4.905524023552214
4.905524023552214
4.905524023552214
4.905524023552214
4.905524023552214
4.905524023552214
4.905524023552214
4.905524023552214
4.905524023552214
4.905524023552214
4.905524023552214
4.905524023552214
4.905524023552214
4.905524023552214
4.905524023552214
4.905524023552214
4.905524023552214
4.905524023552214
4.905524023552214
4.905524023552214
4.905524023552214
4.905524023552214
4.905524023552214
4.905524023552214
4.905524023552214
4.905524023552214
4.905524023552214
4.905524023552214
4.905524023552214
4.905524023552214
4.905524023552214
4.905524023552214
4.905524023552214
4.905524023552214
4.905524023552214
4.905524023552214
4.905524023552214
4.905524023552214
4.905524023552214
4.905524023552214
4.905524023552214
4.905524023552214
4.905524023552214
4.905524023552214
4.905524023552214
4.905524023552214
4.905524023552214
4.905524023552214
4.905524023552214
4.905524023552214
4.905524023552214
4.905524023552214
4.905524023552214
4.905524023552214
4.905524023552214
4.905524023552214
4.905524023552214
4.905524023552214
4.905524023552214
4.905524023552214
4.905524023552214
4.905524023552214
4.905524023552214
4.905524023552214
4.905524023552214
4.905524023552214
4.905524023552214
4.905524023552214
4.905524023552214
4.905524023552214
4.905524023552214
4.905524023552214
4.905524023552214
4.905524023552214
4.905524023552214
4.905524023552214
4.905524023552214
4.905524023552214
4.905524023552214
4.905524023552214
4.905524023552214
4.905524023552214
4.905524023552214
4.905524023552214
4.905524023552214
4.905524023552214
4.905524023552214
4.905524023552214
4.905524023552214
4.905524023552214
4.905524023552214
4.905524023552214
4.905524023552214
4.905524023552214
4.905524023552214
4.905524023552214
4.905524023552214
4.905524023552214
4.905524023552214
4.905524023552214
4.905524023552214
4.905524023552214
4.905524023552214
4.905524023552214
4.905524023552214
4.905524023552214
4.905524023552214
4.905524023552214
4.905524023552214
4.905524023552214
4.905524023552214
4.905524023552214
4.905524023552214
4.905524023552214
4.905524023552214
4.905524023552214
4.905524023552214
4.905524023552214
4.905524023552214
4.905524023552214
4.905524023552214
4.905524023552214
4.905524023552214
4.905524023552214
4.905524023552214
4.905524023552214
4.905524023552214
4.905524023552214
4.905524023552214
4.905524023552214
4.905524023552214
4.905524023552214
4.905524023552214
4.905524023552214
4.905524023552214
4.905524023552214
4.905524023552214
4.905524023552214
4.905524023552214
4.905524023552214
4.905524023552214
4.905524023552214
4.905524023552214
4.905524023552214
4.905524023552214
4.905524023552214
4.905524023552214
4.905524023552214
4.905524023552214
4.905524023552214
4.905524023552214
4.905524023552214
4.905524023552214
4.905524023552214
4.905524023552214
4.905524023552214
4.905524023552214
4.905524023552214
4.905524023552214
4.905524023552214
4.905524023552214
4.905524023552214
4.905524023552214
4.905524023552214
4.905524023552214
4.905524023552214
4.905524023552214
4.905524023552214
4.905524023552214
4.905524023552214
4.905524023552214
4.905524023552214
4.905524023552214
4.905524023552214
4.905524023552214
4.905524023552214
4.905524023552214
4.905524023552214
4.905524023552214
4.905524023552214
4.905524023552214
4.905524023552214
4.905524023552214
4.905524023552214
4.905524023552214
4.905524023552214
4.905524023552214
4.905524023552214
4.905524023552214
4.905524023552214
4.905524023552214
4.905524023552214
4.905524023552214
4.905524023552214
4.905524023552214
4.905524023552214
4.905524023552214
4.905524023552214
4.905524023552214
4.905524023552214
4.905524023552214
4.905524023552214
4.905524023552214
4.905524023552214
4.905524023552214
4.905524023552214
4.905524023552214
4.905524023552214
4.905524023552214
4.905524023552214
4.905524023552214
4.905524023552214
4.905524023552214
4.905524023552214
4.905524023552214
4.905524023552214
4.905524023552214
4.905524023552214
4.905524023552214
4.905524023552214
4.905524023552214
4.905524023552214
4.905524023552214
4.905524023552214
4.905524023552214
4.905524023552214
4.905524023552214
4.905524023552214
4.905524023552214
4.905524023552214
4.905524023552214
4.905524023552214
4.905524023552214
4.905524023552214
4.905524023552214
4.905524023552214
4.905524023552214
4.905524023552214
4.905524023552214
4.905524023552214
4.905524023552214
4.905524023552214
4.905524023552214
4.905524023552214
4.905524023552214
4.905524023552214
4.905524023552214
4.905524023552214
4.905524023552214
4.905524023552214
4.905524023552214
4.905524023552214
4.905524023552214
4.905524023552214
4.905524023552214
4.905524023552214
4.905524023552214
4.905524023552214
4.905524023552214
4.905524023552214
4.905524023552214
