-2.8500393212306325
-2.9387563521234115
-2.9006355507788895
-2.526514973365867
-2.9964026384350784
-2.5921652103965194
-2.382113999644128
-2.492104103172923
-2.1727949909928843
-2.0451461803428232
-2.095695916762895
-1.9526377889854352
-1.761291675192619
-1.7006136071012823
-1.5068234223224817
-1.333775705943874
-1.0838005863853595
-0.8935227732602595
-0.6305621868701485
-0.41339447415732616
-0.1824828571857837
-0.04396821217471131
0.09769060021200932
0.2181795389635367
0.3551926250851808
0.5820517459329306
0.701184565724359
0.9042893023695668
1.0424162228376792
1.2194189238961088
1.3014651192038407
1.4893106168681114
1.6779079316742562
1.804078395558718
1.914987343702766
1.9948329701006007
2.0695683977796118
2.129062823483362
2.3370538073958897
2.4953568833275686
2.609202924271057
2.816550688446792
2.919548926917017
2.9372289672374445
2.9700874474303802
3.0659800668392823
3.0997159904265996
3.1362927611578533
3.300489018522491
3.3114187181170496
3.4166092853612606
3.470293406525706
3.5077059276250218
3.591460347493575
3.656373183871339
3.7641619347896715
3.863412994789237
3.8738328093089844
3.894062584309645
3.9514843604250123
3.9747505208563174
4.037416258601242
4.1335765086960325
4.141963882767287
4.198878002904322
4.25031937811978
4.2579483719102935
4.271045312095486
4.305658978846443
4.312262408220455
4.397315245946429
4.42281086244394
4.476041706146153
4.52606049543147
4.548570962321134
4.551591173304644
4.562048902099904
4.599395532801409
4.603847343058783
4.626414849319464
4.628919206564682
4.634514317490169
4.655413757260215
4.664457329631699
4.667679288840912
4.669888343304815
4.673530949864417
4.676764294324277
4.678620990408503
4.679899739916952
4.711329437092588
4.715396926936413
4.720619827076128
4.746717303526579
4.74794563060698
4.749604351437666
4.7580273326663
4.759128822594808
4.778079698830216
4.7813738053169486
4.78158495452856
4.786247023908947
4.790190179433084
4.794899207971648
4.795669704761462
4.796825430342684
4.797254435598247
4.812971796304334
4.81565433825185
4.8160421445920125
4.8387860171922785
4.84000588085835
4.841322614974933
4.841610151904963
4.842359908607927
4.842567434585825
4.842915794699175
4.844252577033746
4.845384531451136
4.846052675789638
4.846194545914453
4.846764525217429
4.8480780206809415
4.848174952635537
4.848727725313451
4.849554507735716
4.850795015172351
4.851970046440264
4.852401464736029
4.852938230961695
4.853364172127904
4.8631789063393205
4.8665603136860724
4.86670881287754
4.870339565126424
4.8703772184355785
4.870385275645171
4.87052093975627
4.870585468755863
4.870641943840843
4.870808530321344
4.874072935585709
4.874089435843381
4.874418478252385
4.875092982140409
4.875166463252008
4.875167924156619
4.878350589866029
4.878353238214955
4.878360648941275
4.880679874662953
4.881794924080767
4.882855539333628
4.88287325462348
4.883394777355943
4.884272372972553
4.8842898585758645
4.8863909258878095
4.8864007697312655
4.887122526557237
4.888151643200397
4.8881525752121675
4.88842278063887
4.88842553194855
4.888545067278979
4.8887428930624255
4.8887431868424995
4.88895210241079
4.890544573756245
4.8929038554523485
4.893543584138556
4.893599804025954
4.893605205394492
4.893828718557261
4.8938304453882315
4.893830870453252
4.893835733000588
4.89501264885089
4.895013307503714
4.89505091220103
4.8952212427339
4.895242016820047
4.895242022511561
4.895277340372334
4.895311420750744
4.899247231500866
4.900375358823754
4.900375925269618
4.900375952117133
4.900789268049773
4.900809122013801
4.900809134419725
4.90101871329021
4.901505576962449
4.9015067728946295
4.901518767443849
4.9015255000323625
4.902183881362156
4.9021974422492995
4.9021986385172776
4.9021986428074
4.902535041765132
4.90276854372134
4.902801631146946
4.902803480708957
4.9028034816939075
4.902803997456602
4.902805512902122
4.902806474639834
4.902806760598096
4.902807602439068
4.902808180431504
4.902816766760116
4.90281676726764
4.902817878098697
4.902944086910897
4.90294498295233
4.902946204230284
4.902946898918639
4.902947022142409
4.902953249828432
4.902954213596884
4.90295855683412
4.902959194241506
4.902961750806868
4.902961876035171
4.9031947563465454
4.903194756895319
4.903194870111407
4.903194890312898
4.903737391585865
4.903743034350447
4.903811957208577
4.90414983553592
4.904665800891201
4.904737811100841
4.904737827354146
4.904737959680781
4.904738677986718
4.904825310067894
4.904988353998996
4.905016921104551
4.905017042810291
4.9050175063519506
4.905017528334401
4.905017956080901
4.905017956198504
4.905018007165447
4.905018106070139
4.905018106195437
4.905027548708386
4.9050290833384524
4.90502990936081
4.905029916477372
4.905029939999
4.905034543907349
4.905313472025036
4.905313632951594
4.905313767141854
4.905327672594995
4.9053298557245135
4.905332244265511
4.905332395828057
4.9053325233675
4.905435620833612
4.905435680584071
4.905435680593673
4.9054356806219035
4.905435680770801
4.905435846120526
4.905462682425643
4.9054626824261796
4.905462682943287
4.905462682949057
4.905464608068046
4.905464720639676
4.905464775960388
4.905479634357347
4.905479635336599
4.905479635865281
4.905479641019229
4.905480049477962
4.905484086415238
4.905499545254902
4.905500273119031
4.905500274298487
4.905500276753747
4.905500282038064
4.905500368389485
4.905500368826126
4.90550036957588
4.90550150581607
4.905501508361408
4.9055015083712
4.905501555897022
4.9055016768120785
4.905501676816355
4.905501875049623
4.905501964238656
4.9055019932314625
4.905502197907395
4.905502198399128
4.905506636285552
4.905506639799375
4.905506639877023
4.905506646345018
4.905506646384587
4.905506646443684
4.905506647166671
4.9055086445168
4.905508675335628
4.905508678281148
4.905508712329671
4.905512037770044
4.905512037861599
4.90551203920001
4.905512039209986
4.905512039213341
4.905512042330086
4.905515769886297
4.905516576418232
4.905516579223949
4.905516584496135
4.905516588893513
4.905516588901538
4.905516643332274
4.905516785081206
4.905517946950401
4.905517947561733
4.905517968030646
4.905517969592139
4.9055179724158675
4.905517972416229
4.905517972416324
4.9055180925671324
4.905518099665729
4.905519746781736
4.90551974678182
4.905519747371264
4.905519747832486
4.905519748056601
4.9055197481394135
4.905519748144054
4.905519756248001
4.905519756321411
4.905520759460763
4.905520759580247
4.905520960633941
4.905520970472756
4.905520971660669
4.90552097166067
4.905520989453414
4.9055209894639455
4.905520989764142
4.905520989764142
4.905521526134751
4.905521526134788
4.905521526853651
4.90552152685425
4.90552152716991
4.905521529248023
4.905521529249229
4.905521636377787
4.905521636380771
4.905521637506154
4.9055216375061645
4.90552163750621
4.905521637660417
4.9055216377084845
4.9055216377084845
4.905521637760689
4.905521637760691
4.905521637760971
4.905522184786122
4.9055221847861326
4.905522184800951
4.905522387345929
4.905522387348189
4.905522387348191
4.905522387348193
4.905522394319981
4.905522394319983
4.905522394341813
4.9055235462880376
4.9055235462901825
4.905523546290497
4.905523546290497
4.905523546306015
4.905523564011642
4.905523564011642
4.905523567023192
4.905523567023192
4.905523577303772
4.905523579734139
4.905523580024963
4.905523580024963
4.9055235818234095
4.9055235818234095
4.90552358182356
4.905523581823566
4.905523581823581
4.90552358185273
4.905523583414123
4.905523583414123
4.905523584447764
4.905523584447961
4.905523584725766
4.905523584725766
4.90552358481337
4.905523584813398
4.9055235850438486
4.90552369227709
4.90552369227709
4.9055236922771455
4.905523692294207
4.905523692294207
4.90552369229463
4.9055238150355045
4.9055238151584915
4.905523816022892
4.905523816023661
4.905523816046118
4.905523816046118
4.905523816046118
4.905523816046118
4.905523816046118
4.905523816046325
4.905523816066917
4.905523816066917
4.90552381606752
4.905523816067725
4.905523816067726
4.905523816501328
4.905523825150762
4.9055238251512545
4.905523825206561
4.9055238252166244
4.9055238252517785
4.905523825251779
4.905523825251825
4.905523825251825
4.905523825251825
4.905523825323034
4.905523825323034
4.9055238253293405
4.9055238253293405
4.9055238253293405
4.905523825329443
4.905523830294768
4.905523830294775
4.905523903514096
4.905523903514096
4.905523903514103
4.905523903518698
4.905523903518721
4.905523934128111
4.9055239341281265
4.9055239341281265
4.905523934159319
4.905523934159319
4.905523934159319
4.905523934161341
4.90552393416282
4.905523934162822
4.905523934162822
4.905523938095685
4.90552393809689
4.905523969090478
4.905523969090478
4.905523969090658
4.905523969092917
4.905523980411521
4.905523980411624
4.905523980411628
4.90552398041163
4.905523980412994
4.90552398041395
4.905523980414095
4.90552398041433
4.905523980414514
4.905523980414925
4.905523980414962
4.905523980414963
4.905523997698861
4.905523997698861
4.905523997698861
4.905523997698944
4.905523997698946
4.9055240040679555
4.9055240040679555
4.905524004068222
4.905524004068222
4.9055240040685435
4.905524004069039
4.905524004069039
4.905524004069041
4.905524004069116
4.905524004069169
4.905524004069169
4.905524004069169
4.905524004069169
4.905524004069181
4.905524004069189
4.905524004069226
4.905524004069226
4.905524004069334
4.905524004069355
4.905524004069356
4.905524004069356
4.905524004069356
4.905524004444774
4.905524004444779
4.905524004444779
4.905524004444784
4.905524004444787
4.905524004444801
4.905524004444805
4.905524004444805
4.905524004444807
4.905524014247535
4.905524014247538
4.905524014247538
4.905524014247544
4.905524017375722
4.905524020450109
4.905524020450109
4.905524021702711
4.9055240224694705
4.905524022469471
4.905524022469472
4.905524022469472
4.905524022469473
4.905524022469481
4.905524022469481
4.905524022469481
4.905524022469512
4.905524022469514
4.905524022469518
4.905524022469518
4.9055240224695185
4.905524022469527
4.905524022469527
4.905524022469527
4.905524022634402
4.905524022634404
4.905524022634404
4.905524022634404
4.905524022634405
4.905524022634405
4.905524022634405
4.905524022634405
4.905524022634405
4.905524022634405
4.905524022634405
4.905524022634405
4.905524023165956
4.905524023165957
4.905524023165957
4.905524023165958
4.905524023264393
4.905524023264394
4.905524023264394
4.905524023264394
4.905524023264394
4.905524023264394
4.905524023264394
4.905524023264394
4.905524023264394
4.905524023264394
4.905524023264394
4.905524023264394
4.905524023264394
4.905524023264394
4.905524023264394
4.905524023264394
4.905524023264394
4.905524023264394
4.905524023264395
4.905524023301801
4.905524023302073
4.905524023302099
4.905524023302099
4.905524023365943
4.905524023426486
4.905524023426486
4.905524023426486
4.905524023426486
4.905524023426486
4.905524023426486
4.905524023426486
4.905524023426486
4.905524023426486
4.905524023426486
4.905524023426486
4.905524023426486
4.905524023426486
4.905524023426486
4.905524023426486
4.905524023426486
4.905524023426486
4.905524023426746
4.905524023426746
4.905524023426746
4.905524023426746
4.905524023426746
4.905524023426746
4.90552402344819
4.90552402344819
4.90552402344819
4.905524023460526
4.905524023460526
4.905524023460526
4.905524023460526
4.905524023460526
4.905524023460526
4.905524023460526
4.905524023460526
4.905524023460526
4.905524023460526
4.905524023460526
4.905524023460526
4.905524023460526
4.905524023460526
4.905524023460552
4.905524023460552
4.905524023460552
4.905524023460552
4.905524023460552
4.905524023460552
4.905524023475492
4.905524023475492
4.905524023475492
4.905524023475492
4.905524023475492
4.905524023475492
4.905524023475492
4.905524023475492
4.905524023505163
4.905524023505163
4.905524023505163
4.905524023505163
4.905524023505163
4.905524023505163
4.905524023505163
4.905524023505163
4.905524023505163
4.905524023505163
4.905524023505163
4.905524023505163
4.905524023505163
4.905524023505163
4.905524023505163
4.905524023505163
4.905524023505163
4.9055240235051665
4.9055240235051665
4.9055240235051665
4.9055240235051665
4.9055240235051665
4.9055240235051665
4.9055240235051665
4.905524023508146
4.905524023508146
4.905524023508171
4.905524023508171
4.905524023508171
4.905524023508171
4.905524023508171
4.905524023508171
4.9055240235110285
4.9055240235110285
4.9055240235110285
4.9055240235110285
4.9055240235110285
4.9055240235343005
4.9055240235343005
4.9055240235343005
4.9055240235343005
4.9055240235343005
4.9055240235343005
4.9055240235343005
4.9055240235343005
4.9055240235343005
4.9055240235343005
4.905524023536644
4.905524023539095
4.905524023539095
4.905524023539095
4.905524023539096
4.905524023539096
4.905524023544137
4.905524023544137
4.905524023544137
4.905524023545062
4.905524023545062
4.905524023545062
4.905524023545062
4.905524023545062
4.905524023545062
4.905524023545062
4.905524023545062
4.905524023545062
4.905524023545062
4.905524023545062
4.905524023545515
4.905524023545515
4.90552402354713
4.905524023547639
4.905524023547639
4.905524023549863
4.905524023549863
4.905524023549863
4.905524023549863
4.905524023549863
4.905524023549863
4.905524023549863
4.905524023549863
4.905524023549863
4.905524023549863
4.905524023549863
4.905524023549863
4.905524023549863
4.905524023549863
4.905524023549863
4.905524023549863
4.905524023549863
4.905524023549863
4.905524023550328
4.905524023550328
4.905524023550328
4.905524023550328
4.905524023550328
4.905524023550328
4.905524023550535
4.905524023550535
4.905524023550535
4.905524023550535
4.905524023550535
4.905524023550535
4.905524023550535
4.905524023550535
4.905524023550535
4.905524023550535
4.905524023550535
4.905524023550535
4.905524023550535
4.905524023550535
4.905524023550535
4.905524023550535
4.905524023550535
4.905524023550535
4.905524023550535
4.905524023550535
4.905524023550535
4.905524023550535
4.905524023550535
4.905524023550535
4.905524023550535
4.905524023551637
4.905524023551637
4.905524023551637
4.905524023551637
4.905524023551868
4.905524023551868
4.905524023551963
4.905524023551963
4.905524023551963
4.905524023551963
4.905524023551963
4.905524023551963
4.905524023551963
4.905524023551963
4.905524023552016
4.905524023552016
4.905524023552016
4.905524023552016
4.905524023552016
4.905524023552016
4.905524023552016
4.905524023552016
4.905524023552016
4.905524023552016
4.905524023552016
4.905524023552016
4.905524023552016
4.905524023552016
4.905524023552016
4.905524023552016
4.905524023552016
4.905524023552016
4.905524023552016
4.905524023552016
4.905524023552016
4.905524023552016
4.905524023552016
4.905524023552016
4.905524023552047
4.905524023552047
4.905524023552047
4.905524023552047
4.905524023552047
4.905524023552047
4.905524023552047
4.905524023552047
4.905524023552047
4.905524023552047
4.905524023552047
4.905524023552077
4.905524023552077
4.905524023552077
4.905524023552077
4.905524023552138
4.905524023552138
4.905524023552138
4.905524023552138
4.905524023552138
4.905524023552184
4.905524023552184
4.905524023552184
4.905524023552184
4.905524023552184
4.905524023552184
4.905524023552197
4.905524023552202
4.905524023552202
4.905524023552202
4.905524023552209
4.905524023552209
4.905524023552209
4.905524023552209
4.905524023552209
4.905524023552209
4.905524023552209
4.905524023552209
4.90552402355221
4.905524023552211
4.905524023552211
4.905524023552211
4.905524023552211
4.905524023552211
4.905524023552211
4.905524023552211
4.905524023552211
4.905524023552211
4.905524023552211
4.905524023552211
4.905524023552211
4.905524023552211
4.905524023552211
4.905524023552211
4.905524023552211
4.905524023552211
4.905524023552211
4.905524023552211
4.905524023552211
4.905524023552211
4.9055240235522115
4.905524023552212
4.905524023552212
4.905524023552212
4.905524023552212
4.905524023552212
4.905524023552214
4.905524023552214
4.905524023552214
4.905524023552214
4.905524023552214
4.905524023552214
4.905524023552214
4.905524023552214
4.905524023552214
4.905524023552214
4.905524023552214
4.905524023552214
4.905524023552214
4.905524023552214
4.905524023552214
4.905524023552214
4.905524023552214
4.905524023552214
4.905524023552214
4.905524023552214
4.905524023552214
4.905524023552214
4.905524023552214
4.905524023552214
4.905524023552214
4.905524023552214
4.905524023552214
4.905524023552214
4.905524023552214
4.905524023552214
4.905524023552214
4.905524023552214
4.905524023552214
4.905524023552214
4.905524023552214
4.905524023552214
4.905524023552214
4.905524023552214
4.905524023552214
4.905524023552214
4.905524023552214
4.905524023552214
4.905524023552214
4.905524023552214
4.905524023552214
4.905524023552214
4.905524023552214
4.905524023552214
4.905524023552214
4.905524023552214
4.905524023552214
4.905524023552214
4.905524023552214
4.905524023552214
4.905524023552214
4.905524023552214
4.905524023552214
4.905524023552214
4.905524023552214
4.905524023552214
4.905524023552214
4.905524023552214
4.905524023552214
4.905524023552214
4.905524023552214
4.905524023552214
4.905524023552214
4.905524023552214
4.905524023552214
4.905524023552214
4.905524023552214
4.905524023552214
4.905524023552214
4.905524023552214
4.905524023552214
4.905524023552214
4.905524023552214
4.905524023552214
4.905524023552214
4.905524023552214
4.905524023552214
4.905524023552214
4.905524023552214
4.905524023552214
4.905524023552214
4.905524023552214
4.905524023552214
4.905524023552214
4.905524023552214
4.905524023552214
4.905524023552214
4.905524023552214
4.905524023552214
4.905524023552214
4.905524023552214
4.905524023552214
4.905524023552214
4.905524023552214
4.905524023552214
4.905524023552214
4.905524023552214
4.905524023552214
4.905524023552214
4.905524023552214
4.905524023552214
4.905524023552214
4.905524023552214
4.905524023552214
4.905524023552214
4.905524023552214
4.905524023552214
4.905524023552214
4.905524023552214
4.905524023552214
4.905524023552214
4.905524023552214
4.905524023552214
4.905524023552214
4.905524023552214
4.905524023552214
4.905524023552214
4.905524023552214
4.905524023552214
4.905524023552214
4.905524023552214
4.905524023552214
4.905524023552214
4.905524023552214
4.905524023552214
4.905524023552214
4.905524023552214
4.905524023552214
4.905524023552214
4.905524023552214
4.905524023552214
4.905524023552214
4.905524023552214
4.905524023552214
