-2.7809917574776004
-3.0067845794335444
-2.952592575869394
-3.0254163266325445
-3.0236748510432063
-3.1572967214099075
-3.1874300980729218
-3.257555461786336
-2.983751984364204
-2.827920500329126
-2.5366176225183303
-2.4029735466264293
-2.2085813836742547
-2.1289598862560473
-1.797120067656931
-1.5730910108807836
-1.3646353260775923
-1.1735072004993143
-0.8795575660058671
-0.695543020584893
-0.5094865309664791
-0.28765596570482105
-0.16505328636672476
0.026986233424364018
0.2272059145810227
0.40987373457658877
0.6463956308250064
0.8784025616092229
1.1078895538147104
1.2888383852937801
1.5901380889506687
1.6702998306303487
1.822448809688664
1.9604951680844527
2.155907922562595
2.33614932419734
2.4141520464257447
2.583073701298615
2.8905502496452815
2.984156144889129
3.0609903348699574
3.1682670247568705
3.255354134624841
3.351391088766079
3.4550379311774333
3.51177490402564
3.686668530148589
3.717833178341326
3.8467944263240446
3.8713921842673087
3.9605337570850656
4.025349288573936
4.143188985828188
4.169563283582881
4.19114377448501
4.277111029678907
4.300334486219895
4.342642977187124
4.443106288347538
4.49233161671221
4.512169729580524
4.5233312808769846
4.566292819437515
4.579180247658565
4.582866089860096
4.588464951414298
4.6054680301638
4.651797090563577
4.65673594130241
4.702382284057644
4.704342107145215
4.735970765607958
4.756733827287843
4.759076867571022
4.763282540301207
4.783524021789607
4.824035526771474
4.834157503350471
4.8346039568421695
4.84790952878311
4.851402758944588
4.8669886363585935
4.871274079535689
4.872284412805803
4.874427388288138
4.876558396591263
4.877912650447227
4.878978148836051
4.879242546362142
4.879543378129064
4.880264097006645
4.880666099520629
4.880939954895097
4.883514683619356
4.885175634185155
4.8876523431057395
4.890836584220479
4.890942715615923
4.891015300895976
4.894053387597371
