11.963829800878205
18.701990299012902
23.313071938515254
26.648216137052287
28.332710263994116
29.073014233993234
30.21848258517475
30.75241901952508
31.26268614385239
30.84994486651315
30.092980947036942
31.1009860846299
30.47695938325222
30.55381572170106
30.2518796449258
30.680669928292325
30.49664961403672
30.568162893806356
34.2931173395799
32.63625428003908
31.673332381567427
31.09553278474982
31.74959523537556
31.08021094842183
30.013113232928564
30.99327211716509
33.53313523191368
32.52516490181698
32.809341839066214
32.110755225011665
32.50228856059733
31.83343251210258
31.429030417488715
31.65433595613743
31.134079134078803
30.928538453907244
30.86237838713552
31.190861752252772
31.758190844399195
31.711868025263087
33.050934711274415
31.952861665869232
31.227475405735042
32.31092069538245
32.17183147082824
31.233298903058095
31.363284988133866
32.87368712888145
33.65324782404781
33.28019037498216
34.17414617764021
32.342511994536935
30.410736384536534
30.124392907095356
30.771612568940014
30.1615303834121
29.96631220998761
30.72500616917152
30.91621459734658
30.195953964011068
30.37987708713038
30.07678290847804
31.887538367876353
31.924219111145817
30.682190748848665
31.777760500386336
32.56629847038382
31.323228630913405
31.3225466514039
31.078235653225377
30.01524252875484
29.99901551068607
30.38641998727416
31.221061753794192
30.623030799065372
31.310371631327335
30.80139853415899
30.828259253552968
31.83148484928579
31.36464134273756
31.93303702487163
31.676562242783735
31.29797051488247
31.46185166464783
31.870074325806332
32.21055982062178
32.71468545863049
31.653023064276734
31.46023077914062
31.635414626026098
32.032899357280925
33.674256445866746
35.00341077748637
33.349185397013684
32.45071403986844
32.301968340443935
32.82675045078605
32.57375098650064
32.05557094089227
30.773317100184972
