-2.144096366987442
-2.0274968335777372
-2.5858251232954323
-2.3174619324759607
-2.558970993278719
-2.6895241660495492
-2.6775534035506343
-2.5234811649509545
-2.2817075520252654
-2.0852300983622825
-1.9579462909526653
-1.669589308896978
-1.4635401964138566
-1.298508376469581
-1.1853279994191108
-1.0207759230062785
-0.7623688673238774
-0.6693750003491372
-0.5009972126980828
-0.38063978350201216
-0.2905302163113643
-0.121203529203729
0.008316597014894664
0.09495947469277533
0.39498400907656345
0.4646338295049681
0.7142365559606528
0.8354231272771473
0.9149125081440114
1.0934200856109009
1.2815978486521817
1.4182765831266098
1.5803572247454067
1.6521316330028284
1.8279941768604817
1.9638617673320735
2.0820513576176647
2.2247489089728356
2.2866704492638092
2.295911546606306
2.395414224193281
2.451173363748872
2.6159777534525843
2.6946703629588775
2.820973802701241
2.857237849609565
2.9345312524984792
3.0412266954734464
3.124599028026253
3.2211886042700373
3.270156083956327
3.3220909784534802
3.33638634469672
3.3723103571489186
3.462900937939756
3.551804091562771
3.6170042415964523
3.725876430544322
3.737612785033592
3.789573863844429
3.8588261372743933
3.9099697720949433
3.934240290079825
3.977780513346156
3.9800325962474963
3.990807841722939
3.996803250291034
4.028414701991786
4.044001284388622
4.083957853344864
4.176499748375635
4.214489516961626
4.2704303556959395
4.278184622748774
4.300773425126767
4.332927190212385
4.343657395111226
4.360951397800296
4.363343192852822
4.376731644889993
4.387454114785051
4.404878863409357
4.502084191065589
4.510545538966124
4.515566832762995
4.547274092105526
4.5550106794536624
4.56158020434786
4.572280900837599
4.585558122120705
4.587911090228909
4.618226285711901
4.62567990457758
4.635482420460864
4.6386318933086415
4.6479503547977865
4.6526780537124095
4.656233453280243
4.669436084817513
4.674326333239608
-3.3224888121234804
-3.223052076194928
-2.924283781400546
-2.931266587422574
-2.908766164822467
-2.775288769580112
-2.8532403189435294
-2.8323344662522185
-2.83983937105919
-2.6495018642395793
-2.4267020536621247
-2.2924312240240967
-2.2292877427181783
-1.9616703964266609
-1.760125208874405
-1.5254975117582026
-1.3107405023212624
-1.201605687227942
-1.0871118863049267
-0.7689214522354013
-0.5403949202506934
-0.3576864173065235
-0.20470826945411977
-0.08036638564154229
0.04373019413490175
0.2504748456735347
0.41861002954422927
0.6321223057871225
0.719204406085402
0.8486451776455508
1.0374145339242071
1.274086810453925
1.5234331146716242
1.601276398555456
1.7944242024501984
1.929603567055628
2.0765814130968154
2.1344794393296405
2.249310603220236
2.4248027889409873
2.573380937424946
2.722130373946592
2.805516892736409
2.936481120238131
3.0933691635246703
3.1487668463978826
3.2396912082034968
3.3045813719895025
3.4622935781050215
3.5120411834669016
3.608413751749893
3.6589768615165843
3.7471617497959784
3.824255064023662
3.870006235041859
3.99259871945224
4.023895819331574
4.103756511054175
4.132380738896712
4.17904686026659
4.212240640313339
4.2385126426430295
4.298559195072272
4.317621026782023
4.344170692051334
4.386330472312364
4.416615716568431
4.423387294352
4.456351937647139
4.510595160986606
4.524743708376618
4.537799701136478
4.550135009264996
4.5687410717772305
4.57776940465576
4.6039620461305
4.623954665366254
4.62920216733865
4.643112424246394
4.6511028350203025
4.660696423719556
4.663556087537513
4.678947997815314
4.685001667880976
4.686806667638031
4.689452125245158
4.690385594063017
4.7074292678297605
4.723716075888242
4.745875920917372
4.761780613689089
4.780715440041122
4.788621570508184
4.789044720273789
4.805866992577371
4.811750656715375
4.826926211533106
4.8293723383860545
4.843234713986375
4.84382094843552
-3.2518418969184046
-2.942481200529426
-3.1362315927326856
-3.16865668707976
-3.1785737503948277
-2.9856090126622963
-2.686143435966224
-2.3052840393148144
-2.0260795543261905
-1.843929357383286
-1.5986775130111892
-1.9666089519747467
-1.7450882829404775
-1.5872159548021523
-1.7988624560841522
-1.5903763636773984
-1.9066311140872263
-1.7141732327611143
-1.5534376485623955
-1.38510382587349
-1.130754398661149
-1.011866338484031
-0.9392265865752214
-0.7414768873532827
-0.424858224600378
-0.3175050574744533
-0.1873219339088007
-0.07855064823206238
-0.01857445071946909
0.01364876457470333
0.06997659765354385
0.2649783106013665
0.5235696042445446
0.7541924762248555
0.9930042223022774
1.240921345078669
1.3027483469218324
1.446400332590087
1.4780192741296747
1.5050107958893275
1.575531211460386
1.6223164929076672
1.8672205775828203
1.935162681374071
2.1365353322661256
2.317746766755182
2.4746839799864944
2.613403113307905
2.6290247277114838
2.634313047103069
2.720720961341973
2.7392411873919444
2.7566930915173904
2.7938330645026666
2.844559234725225
2.906073342406698
2.9514973617999765
2.97061927061938
2.991421736883621
2.994545034375002
3.0356961648908465
3.0468660178492315
3.052327547936828
3.1711401423294023
3.2383998136046777
3.376377386149159
3.5199498912579568
3.5271390148294057
3.693503352105827
3.8005632372050377
3.8059641484999185
3.855348418843743
3.9658969724745505
3.967507484735872
3.9693840191705334
3.9731915651743193
3.9742472125414965
3.9751677537427947
4.003449871633181
4.005202625397831
4.135492990159061
4.152011088005551
4.256471770395342
4.324430434050371
4.329180179061226
4.336042279100637
4.3370970220521095
4.37996403209065
4.3933559157871604
4.39483243200483
4.547109099097579
4.548530797610575
4.552581397767334
4.629301044221398
4.667374646677182
4.6678842140137515
4.6681199545837275
4.6682370364954275
4.69343861192855
4.707211213463352
