11.636174294593003
18.165064532097283
22.34595849643767
25.034534836720912
26.003403325951858
26.924024980309618
27.639293720957966
28.439852829766593
28.095780535783973
27.88995814837365
28.021009215052484
28.57291626561645
29.383195304251768
28.64105240411361
29.103672325901652
29.43331900594995
29.589313223872566
28.783180915124106
28.544458062263505
28.207239261625677
28.169534221670773
28.16791689230316
27.67472880833847
27.853560984544107
28.349885741957213
28.69902780046048
28.727299823902793
28.330993936427646
28.946278857981245
28.201610066448712
28.658675348776217
28.826205173554353
29.56769758655103
29.248269009425645
28.899605498568224
29.434822456894583
29.05142437056751
29.00793076454873
28.77342885819377
29.55639833322517
28.903762587172807
29.053735709309922
29.547400518961958
29.26400328396248
28.899877875117898
29.070719882866193
28.838619712493074
28.904606579461596
29.022087459731107
28.76073609193413
28.463686242913557
28.34862738517238
28.855692779726304
29.007589958690925
29.07291603164718
29.274912686550884
29.22373647184214
28.482067718183703
29.03254478386803
28.81001367122
29.126776987866922
29.084067286350038
28.48023601224493
28.968037530933533
28.650021483523435
28.65784432969118
28.533524978826538
29.225109090742297
28.9824310117608
28.73413852112895
28.264887270595455
28.4200852372727
28.833545607668622
29.472549598053984
29.945125479166055
30.106401235475275
29.72117667425268
29.41957762128651
29.055662778297556
29.10272289009055
29.300759527418066
29.40128290794587
29.700780952174235
30.030781370026176
29.26363436934612
29.26145972409704
28.593240816719373
29.039518554423502
28.849895855674337
28.580210305607363
28.54351260445824
29.36047540758659
29.491112228143344
30.02968144846638
30.18250088046604
29.542071773394678
29.041320215327083
28.614139383912963
29.177178508256105
28.200112616021425
